Num of atoms: 25
Node Label of 0th atom: 17.00
State of 0th atom: 0.00 0.00 0.00 0.00 
Target label of 0th atom: -0.37 
Output charges of 0th atom: 0.00 
Node Label of 1th atom: 8.00
State of 1th atom: 0.00 0.00 0.00 0.00 
Target label of 1th atom: 0.30 
Output charges of 1th atom: 0.00 
Node Label of 2th atom: 6.00
State of 2th atom: 0.00 0.00 0.00 0.00 
Target label of 2th atom: -0.11 
Output charges of 2th atom: 0.00 
Node Label of 3th atom: 6.00
State of 3th atom: 0.00 0.00 0.00 0.00 
Target label of 3th atom: 0.17 
Output charges of 3th atom: 0.00 
Node Label of 4th atom: 6.00
State of 4th atom: 0.00 0.00 0.00 0.00 
Target label of 4th atom: -0.14 
Output charges of 4th atom: 0.00 
Node Label of 5th atom: 7.00
State of 5th atom: 0.00 0.00 0.00 0.00 
Target label of 5th atom: -0.16 
Output charges of 5th atom: 0.00 
Node Label of 6th atom: 6.00
State of 6th atom: 0.00 0.00 0.00 0.00 
Target label of 6th atom: -0.23 
Output charges of 6th atom: 0.00 
Node Label of 7th atom: 6.00
State of 7th atom: 0.00 0.00 0.00 0.00 
Target label of 7th atom: 0.09 
Output charges of 7th atom: 0.00 
Node Label of 8th atom: 6.00
State of 8th atom: 0.00 0.00 0.00 0.00 
Target label of 8th atom: -0.09 
Output charges of 8th atom: 0.00 
Node Label of 9th atom: 6.00
State of 9th atom: 0.00 0.00 0.00 0.00 
Target label of 9th atom: -0.33 
Output charges of 9th atom: 0.00 
Node Label of 10th atom: 6.00
State of 10th atom: 0.00 0.00 0.00 0.00 
Target label of 10th atom: 0.08 
Output charges of 10th atom: 0.00 
Node Label of 11th atom: 7.00
State of 11th atom: 0.00 0.00 0.00 0.00 
Target label of 11th atom: -0.08 
Output charges of 11th atom: 0.00 
Node Label of 12th atom: 1.00
State of 12th atom: 0.00 0.00 0.00 0.00 
Target label of 12th atom: 0.14 
Output charges of 12th atom: 0.00 
Node Label of 13th atom: 1.00
State of 13th atom: 0.00 0.00 0.00 0.00 
Target label of 13th atom: -0.23 
Output charges of 13th atom: 0.00 
Node Label of 14th atom: 1.00
State of 14th atom: 0.00 0.00 0.00 0.00 
Target label of 14th atom: 0.07 
Output charges of 14th atom: 0.00 
Node Label of 15th atom: 1.00
State of 15th atom: 0.00 0.00 0.00 0.00 
Target label of 15th atom: 0.12 
Output charges of 15th atom: 0.00 
Node Label of 16th atom: 1.00
State of 16th atom: 0.00 0.00 0.00 0.00 
Target label of 16th atom: 0.18 
Output charges of 16th atom: 0.00 
Node Label of 17th atom: 1.00
State of 17th atom: 0.00 0.00 0.00 0.00 
Target label of 17th atom: 0.24 
Output charges of 17th atom: 0.00 
Node Label of 18th atom: 1.00
State of 18th atom: 0.00 0.00 0.00 0.00 
Target label of 18th atom: -0.11 
Output charges of 18th atom: 0.00 
Node Label of 19th atom: 1.00
State of 19th atom: 0.00 0.00 0.00 0.00 
Target label of 19th atom: -0.07 
Output charges of 19th atom: 0.00 
Node Label of 20th atom: 1.00
State of 20th atom: 0.00 0.00 0.00 0.00 
Target label of 20th atom: 0.05 
Output charges of 20th atom: 0.00 
Node Label of 21th atom: 1.00
State of 21th atom: 0.00 0.00 0.00 0.00 
Target label of 21th atom: 0.09 
Output charges of 21th atom: 0.00 
Node Label of 22th atom: 1.00
State of 22th atom: 0.00 0.00 0.00 0.00 
Target label of 22th atom: 0.23 
Output charges of 22th atom: 0.00 
Node Label of 23th atom: 1.00
State of 23th atom: 0.00 0.00 0.00 0.00 
Target label of 23th atom: 0.02 
Output charges of 23th atom: 0.00 
Node Label of 24th atom: 1.00
State of 24th atom: 0.00 0.00 0.00 0.00 
Target label of 24th atom: 0.13 
Output charges of 24th atom: 0.00 
0.00 23.33 15.74 17.03 14.88 16.43 14.80 16.17 19.05 17.48 14.95 18.83 6.35 2.66 2.45 1.95 2.38 2.27 2.85 2.53 3.28 2.60 3.61 2.15 2.47 
23.33 0.00 64.58 16.12 13.48 19.23 11.99 8.65 12.60 13.34 15.41 46.70 1.88 2.69 1.99 1.61 1.80 1.52 1.47 1.36 2.17 1.58 1.76 3.21 3.40 
15.74 64.58 0.00 11.41 10.59 17.18 9.58 6.54 9.37 10.12 12.88 51.09 1.27 1.95 1.51 1.34 1.42 1.20 1.10 1.03 1.60 1.20 1.26 3.32 2.82 
17.03 16.12 11.41 0.00 18.24 12.59 10.01 6.70 7.42 6.79 7.27 14.60 1.46 13.96 3.57 1.21 1.88 1.02 1.20 0.85 1.41 0.92 0.98 1.31 1.17 
14.88 13.48 10.59 18.24 0.00 20.28 18.87 8.81 8.74 7.71 8.67 15.25 1.36 3.07 6.54 1.91 4.54 1.36 1.58 0.99 1.73 1.07 1.02 1.44 1.19 
16.43 19.23 17.18 12.59 20.28 0.00 25.73 10.88 13.31 12.80 17.98 28.51 1.45 2.15 2.36 3.37 3.11 2.17 1.80 1.43 2.45 1.65 1.43 2.92 2.04 
14.80 11.99 9.58 10.01 18.87 25.73 0.00 14.43 12.80 10.47 11.80 14.29 1.41 1.64 2.20 3.12 5.28 2.36 2.45 1.37 2.65 1.50 1.25 1.52 1.30 
16.17 8.65 6.54 6.70 8.81 10.88 14.43 0.00 15.05 10.64 9.24 8.89 1.57 1.07 1.28 1.64 1.93 2.92 9.34 2.03 2.97 1.92 1.50 1.05 1.05 
19.05 12.60 9.37 7.42 8.74 13.31 12.80 15.05 0.00 32.19 17.31 12.98 1.91 1.19 1.23 1.51 1.58 2.61 2.31 2.66 7.62 3.44 2.99 1.46 1.68 
17.48 13.34 10.12 6.79 7.71 12.80 10.47 10.64 32.19 0.00 25.53 13.49 1.53 1.10 1.10 1.42 1.34 2.26 1.64 2.57 3.31 4.03 3.28 1.70 2.20 
14.95 15.41 12.88 7.27 8.67 17.98 11.80 9.24 17.31 25.53 0.00 17.80 1.26 1.20 1.20 1.78 1.46 2.23 1.44 1.81 2.45 2.45 1.87 2.65 2.92 
18.83 46.70 51.09 14.60 15.25 28.51 14.29 8.89 12.98 13.49 17.80 0.00 1.62 2.47 2.05 1.85 2.02 1.63 1.50 1.33 2.29 1.56 1.58 3.66 2.95 
6.35 1.88 1.27 1.46 1.36 1.45 1.41 1.57 1.91 1.53 1.26 1.62 0.00 0.22 0.22 0.16 0.22 0.20 0.29 0.21 0.37 0.22 0.29 0.17 0.19 
2.66 2.69 1.95 13.96 3.07 2.15 1.64 1.07 1.19 1.10 1.20 2.47 0.22 0.00 0.60 0.20 0.31 0.17 0.19 0.14 0.22 0.15 0.16 0.22 0.20 
2.45 1.99 1.51 3.57 6.54 2.36 2.20 1.28 1.23 1.10 1.20 2.05 0.22 0.60 0.00 0.25 0.52 0.19 0.23 0.15 0.24 0.16 0.15 0.20 0.17 
1.95 1.61 1.34 1.21 1.91 3.37 3.12 1.64 1.51 1.42 1.78 1.85 0.16 0.20 0.25 0.00 0.41 0.38 0.26 0.20 0.27 0.22 0.17 0.26 0.20 
2.38 1.80 1.42 1.88 4.54 3.11 5.28 1.93 1.58 1.34 1.46 2.02 0.22 0.31 0.52 0.41 0.00 0.28 0.35 0.18 0.32 0.20 0.17 0.22 0.18 
2.27 1.52 1.20 1.02 1.36 2.17 2.36 2.92 2.61 2.26 2.23 1.63 0.20 0.17 0.19 0.38 0.28 0.00 0.38 0.43 0.42 0.45 0.25 0.22 0.21 
2.85 1.47 1.10 1.20 1.58 1.80 2.45 9.34 2.31 1.64 1.44 1.50 0.29 0.19 0.23 0.26 0.35 0.38 0.00 0.29 0.49 0.28 0.24 0.17 0.17 
2.53 1.36 1.03 0.85 0.99 1.43 1.37 2.03 2.66 2.57 1.81 1.33 0.21 0.14 0.15 0.20 0.18 0.43 0.29 0.00 0.35 1.07 0.40 0.18 0.20 
3.28 2.17 1.60 1.41 1.73 2.45 2.65 2.97 7.62 3.31 2.45 2.29 0.37 0.22 0.24 0.27 0.32 0.42 0.49 0.35 0.00 0.41 0.38 0.24 0.25 
2.60 1.58 1.20 0.92 1.07 1.65 1.50 1.92 3.44 4.03 2.45 1.56 0.22 0.15 0.16 0.22 0.20 0.45 0.28 1.07 0.41 0.00 0.47 0.21 0.25 
3.61 1.76 1.26 0.98 1.02 1.43 1.25 1.50 2.99 3.28 1.87 1.58 0.29 0.16 0.15 0.17 0.17 0.25 0.24 0.40 0.38 0.47 0.00 0.20 0.26 
2.15 3.21 3.32 1.31 1.44 2.92 1.52 1.05 1.46 1.70 2.65 3.66 0.17 0.22 0.20 0.26 0.22 0.22 0.17 0.18 0.24 0.21 0.20 0.00 0.55 
2.47 3.40 2.82 1.17 1.19 2.04 1.30 1.05 1.68 2.20 2.92 2.95 0.19 0.20 0.17 0.20 0.18 0.21 0.17 0.20 0.25 0.25 0.26 0.55 0.00 
**************************************************************************************
Num of atoms: 25
Node Label of 0th atom: 17.00
State of 0th atom: 0.00 0.00 0.00 0.00 
Target label of 0th atom: -0.30 
Output charges of 0th atom: 0.00 
Node Label of 1th atom: 8.00
State of 1th atom: 0.00 0.00 0.00 0.00 
Target label of 1th atom: -0.06 
Output charges of 1th atom: 0.00 
Node Label of 2th atom: 6.00
State of 2th atom: 0.00 0.00 0.00 0.00 
Target label of 2th atom: -0.02 
Output charges of 2th atom: 0.00 
Node Label of 3th atom: 6.00
State of 3th atom: 0.00 0.00 0.00 0.00 
Target label of 3th atom: 0.01 
Output charges of 3th atom: 0.00 
Node Label of 4th atom: 6.00
State of 4th atom: 0.00 0.00 0.00 0.00 
Target label of 4th atom: -0.13 
Output charges of 4th atom: 0.00 
Node Label of 5th atom: 7.00
State of 5th atom: 0.00 0.00 0.00 0.00 
Target label of 5th atom: -0.22 
Output charges of 5th atom: 0.00 
Node Label of 6th atom: 6.00
State of 6th atom: 0.00 0.00 0.00 0.00 
Target label of 6th atom: -0.09 
Output charges of 6th atom: 0.00 
Node Label of 7th atom: 6.00
State of 7th atom: 0.00 0.00 0.00 0.00 
Target label of 7th atom: -0.03 
Output charges of 7th atom: 0.00 
Node Label of 8th atom: 6.00
State of 8th atom: 0.00 0.00 0.00 0.00 
Target label of 8th atom: -0.34 
Output charges of 8th atom: 0.00 
Node Label of 9th atom: 6.00
State of 9th atom: 0.00 0.00 0.00 0.00 
Target label of 9th atom: -0.23 
Output charges of 9th atom: 0.00 
Node Label of 10th atom: 6.00
State of 10th atom: 0.00 0.00 0.00 0.00 
Target label of 10th atom: -0.01 
Output charges of 10th atom: 0.00 
Node Label of 11th atom: 7.00
State of 11th atom: 0.00 0.00 0.00 0.00 
Target label of 11th atom: -0.36 
Output charges of 11th atom: 0.00 
Node Label of 12th atom: 1.00
State of 12th atom: 0.00 0.00 0.00 0.00 
Target label of 12th atom: 0.19 
Output charges of 12th atom: 0.00 
Node Label of 13th atom: 1.00
State of 13th atom: 0.00 0.00 0.00 0.00 
Target label of 13th atom: 0.23 
Output charges of 13th atom: 0.00 
Node Label of 14th atom: 1.00
State of 14th atom: 0.00 0.00 0.00 0.00 
Target label of 14th atom: 0.21 
Output charges of 14th atom: 0.00 
Node Label of 15th atom: 1.00
State of 15th atom: 0.00 0.00 0.00 0.00 
Target label of 15th atom: 0.27 
Output charges of 15th atom: 0.00 
Node Label of 16th atom: 1.00
State of 16th atom: 0.00 0.00 0.00 0.00 
Target label of 16th atom: -0.01 
Output charges of 16th atom: 0.00 
Node Label of 17th atom: 1.00
State of 17th atom: 0.00 0.00 0.00 0.00 
Target label of 17th atom: 0.23 
Output charges of 17th atom: 0.00 
Node Label of 18th atom: 1.00
State of 18th atom: 0.00 0.00 0.00 0.00 
Target label of 18th atom: -0.12 
Output charges of 18th atom: 0.00 
Node Label of 19th atom: 1.00
State of 19th atom: 0.00 0.00 0.00 0.00 
Target label of 19th atom: 0.23 
Output charges of 19th atom: 0.00 
Node Label of 20th atom: 1.00
State of 20th atom: 0.00 0.00 0.00 0.00 
Target label of 20th atom: 0.24 
Output charges of 20th atom: 0.00 
Node Label of 21th atom: 1.00
State of 21th atom: 0.00 0.00 0.00 0.00 
Target label of 21th atom: 0.05 
Output charges of 21th atom: 0.00 
Node Label of 22th atom: 1.00
State of 22th atom: 0.00 0.00 0.00 0.00 
Target label of 22th atom: 0.09 
Output charges of 22th atom: 0.00 
Node Label of 23th atom: 1.00
State of 23th atom: 0.00 0.00 0.00 0.00 
Target label of 23th atom: 0.10 
Output charges of 23th atom: 0.00 
Node Label of 24th atom: 1.00
State of 24th atom: 0.00 0.00 0.00 0.00 
Target label of 24th atom: 0.08 
Output charges of 24th atom: 0.00 
0.00 19.32 18.74 19.35 15.99 20.58 14.50 16.47 16.88 16.02 13.85 20.06 6.94 2.67 2.60 2.21 2.27 2.32 3.03 2.42 3.46 2.17 2.81 1.95 2.61 
19.32 0.00 20.87 17.36 12.83 16.90 8.64 8.50 9.13 11.51 17.00 23.94 1.64 2.64 1.45 1.55 1.34 1.37 1.13 1.36 1.83 1.62 2.12 2.02 4.31 
18.74 20.87 0.00 26.67 17.96 32.98 9.60 9.65 10.06 11.11 12.76 34.31 1.75 2.76 1.62 1.65 1.43 1.36 1.23 1.24 2.18 1.43 1.94 1.56 3.90 
19.35 17.36 26.67 0.00 16.86 19.90 7.98 7.76 7.68 7.89 8.76 16.37 1.62 4.83 1.84 1.41 1.40 1.08 1.13 0.98 1.56 1.09 1.37 1.20 2.17 
15.99 12.83 17.96 16.86 0.00 34.27 13.14 10.68 9.45 8.49 9.36 15.69 1.24 3.00 3.04 2.73 2.61 1.40 1.43 1.08 1.60 1.29 1.34 1.51 2.07 
20.58 16.90 32.98 19.90 34.27 0.00 16.78 15.65 14.88 13.66 14.32 30.26 1.78 2.72 2.36 2.88 2.28 2.01 1.81 1.57 2.74 1.88 2.15 2.03 3.44 
14.50 8.64 9.60 7.98 13.14 16.78 0.00 26.81 15.97 10.01 8.90 11.80 1.09 1.27 1.72 4.74 2.60 2.86 2.26 1.47 1.80 1.78 1.41 1.65 1.53 
16.47 8.50 9.65 7.76 10.68 15.65 26.81 0.00 31.54 12.52 9.17 12.43 1.28 1.16 1.42 2.37 1.76 3.92 2.85 1.92 2.54 1.99 1.70 1.50 1.54 
16.88 9.13 10.06 7.68 9.45 14.88 15.97 31.54 0.00 19.48 11.06 14.36 1.42 1.11 1.20 1.84 1.37 4.63 2.01 2.90 3.84 2.66 2.38 1.63 1.74 
16.02 11.51 11.11 7.89 8.49 13.66 10.01 12.52 19.48 0.00 19.10 19.61 1.46 1.13 1.02 1.44 1.09 2.46 1.27 3.48 3.86 3.70 7.12 2.01 2.44 
13.85 17.00 12.76 8.76 9.36 14.32 8.90 9.17 11.06 19.10 0.00 25.09 1.20 1.31 1.04 1.49 1.10 1.72 1.02 1.77 2.03 2.76 3.13 3.32 4.41 
20.06 23.94 34.31 16.37 15.69 30.26 11.80 12.43 14.36 19.61 25.09 0.00 1.91 2.14 1.54 1.95 1.52 1.92 1.42 1.83 3.24 2.25 3.47 2.37 10.14 
6.94 1.64 1.75 1.62 1.24 1.78 1.09 1.28 1.42 1.46 1.20 1.91 0.00 0.20 0.18 0.16 0.16 0.18 0.20 0.20 0.35 0.18 0.27 0.15 0.24 
2.67 2.64 2.76 4.83 3.00 2.72 1.27 1.16 1.11 1.13 1.31 2.14 0.20 0.00 0.34 0.24 0.25 0.17 0.17 0.14 0.21 0.17 0.19 0.20 0.30 
2.60 1.45 1.62 1.84 3.04 2.36 1.72 1.42 1.20 1.02 1.04 1.54 0.18 0.34 0.00 0.33 0.57 0.18 0.25 0.14 0.20 0.16 0.16 0.17 0.21 
2.21 1.55 1.65 1.41 2.73 2.88 4.74 2.37 1.84 1.44 1.49 1.95 0.16 0.24 0.33 0.00 0.58 0.33 0.27 0.20 0.25 0.26 0.21 0.30 0.26 
2.27 1.34 1.43 1.40 2.61 2.28 2.60 1.76 1.37 1.09 1.10 1.52 0.16 0.25 0.57 0.58 0.00 0.23 0.28 0.16 0.20 0.18 0.17 0.20 0.20 
2.32 1.37 1.36 1.08 1.40 2.01 2.86 3.92 4.63 2.46 1.72 1.92 0.18 0.17 0.18 0.33 0.23 0.00 0.29 0.45 0.36 0.54 0.31 0.30 0.25 
3.03 1.13 1.23 1.13 1.43 1.81 2.26 2.85 2.01 1.27 1.02 1.42 0.20 0.17 0.25 0.27 0.28 0.29 0.00 0.21 0.27 0.20 0.19 0.17 0.18 
2.42 1.36 1.24 0.98 1.08 1.57 1.47 1.92 2.90 3.48 1.77 1.83 0.20 0.14 0.14 0.20 0.16 0.45 0.21 0.00 0.40 0.54 0.44 0.25 0.24 
3.46 1.83 2.18 1.56 1.60 2.74 1.80 2.54 3.84 3.86 2.03 3.24 0.35 0.21 0.20 0.25 0.20 0.36 0.27 0.40 0.00 0.34 0.60 0.25 0.36 
2.17 1.62 1.43 1.09 1.29 1.88 1.78 1.99 2.66 3.70 2.76 2.25 0.18 0.17 0.16 0.26 0.18 0.54 0.20 0.54 0.34 0.00 0.42 0.46 0.31 
2.81 2.12 1.94 1.37 1.34 2.15 1.41 1.70 2.38 7.12 3.13 3.47 0.27 0.19 0.16 0.21 0.17 0.31 0.19 0.44 0.60 0.42 0.00 0.29 0.43 
1.95 2.02 1.56 1.20 1.51 2.03 1.65 1.50 1.63 2.01 3.32 2.37 0.15 0.20 0.17 0.30 0.20 0.30 0.17 0.25 0.25 0.46 0.29 0.00 0.38 
2.61 4.31 3.90 2.17 2.07 3.44 1.53 1.54 1.74 2.44 4.41 10.14 0.24 0.30 0.21 0.26 0.20 0.25 0.18 0.24 0.36 0.31 0.43 0.38 0.00 
**************************************************************************************
Num of atoms: 25
Node Label of 0th atom: 17.00
State of 0th atom: 0.00 0.00 0.00 0.00 
Target label of 0th atom: -0.18 
Output charges of 0th atom: 0.00 
Node Label of 1th atom: 8.00
State of 1th atom: 0.00 0.00 0.00 0.00 
Target label of 1th atom: -0.11 
Output charges of 1th atom: 0.00 
Node Label of 2th atom: 6.00
State of 2th atom: 0.00 0.00 0.00 0.00 
Target label of 2th atom: 0.04 
Output charges of 2th atom: 0.00 
Node Label of 3th atom: 6.00
State of 3th atom: 0.00 0.00 0.00 0.00 
Target label of 3th atom: -0.01 
Output charges of 3th atom: 0.00 
Node Label of 4th atom: 6.00
State of 4th atom: 0.00 0.00 0.00 0.00 
Target label of 4th atom: -0.44 
Output charges of 4th atom: 0.00 
Node Label of 5th atom: 7.00
State of 5th atom: 0.00 0.00 0.00 0.00 
Target label of 5th atom: -0.17 
Output charges of 5th atom: 0.00 
Node Label of 6th atom: 6.00
State of 6th atom: 0.00 0.00 0.00 0.00 
Target label of 6th atom: -0.02 
Output charges of 6th atom: 0.00 
Node Label of 7th atom: 6.00
State of 7th atom: 0.00 0.00 0.00 0.00 
Target label of 7th atom: -0.16 
Output charges of 7th atom: 0.00 
Node Label of 8th atom: 6.00
State of 8th atom: 0.00 0.00 0.00 0.00 
Target label of 8th atom: -0.14 
Output charges of 8th atom: 0.00 
Node Label of 9th atom: 6.00
State of 9th atom: 0.00 0.00 0.00 0.00 
Target label of 9th atom: -0.25 
Output charges of 9th atom: 0.00 
Node Label of 10th atom: 6.00
State of 10th atom: 0.00 0.00 0.00 0.00 
Target label of 10th atom: -0.01 
Output charges of 10th atom: 0.00 
Node Label of 11th atom: 7.00
State of 11th atom: 0.00 0.00 0.00 0.00 
Target label of 11th atom: 0.07 
Output charges of 11th atom: 0.00 
Node Label of 12th atom: 1.00
State of 12th atom: 0.00 0.00 0.00 0.00 
Target label of 12th atom: 0.18 
Output charges of 12th atom: 0.00 
Node Label of 13th atom: 1.00
State of 13th atom: 0.00 0.00 0.00 0.00 
Target label of 13th atom: 0.26 
Output charges of 13th atom: 0.00 
Node Label of 14th atom: 1.00
State of 14th atom: 0.00 0.00 0.00 0.00 
Target label of 14th atom: -0.00 
Output charges of 14th atom: 0.00 
Node Label of 15th atom: 1.00
State of 15th atom: 0.00 0.00 0.00 0.00 
Target label of 15th atom: 0.20 
Output charges of 15th atom: 0.00 
Node Label of 16th atom: 1.00
State of 16th atom: 0.00 0.00 0.00 0.00 
Target label of 16th atom: -0.10 
Output charges of 16th atom: 0.00 
Node Label of 17th atom: 1.00
State of 17th atom: 0.00 0.00 0.00 0.00 
Target label of 17th atom: 0.27 
Output charges of 17th atom: 0.00 
Node Label of 18th atom: 1.00
State of 18th atom: 0.00 0.00 0.00 0.00 
Target label of 18th atom: -0.03 
Output charges of 18th atom: 0.00 
Node Label of 19th atom: 1.00
State of 19th atom: 0.00 0.00 0.00 0.00 
Target label of 19th atom: -0.05 
Output charges of 19th atom: 0.00 
Node Label of 20th atom: 1.00
State of 20th atom: 0.00 0.00 0.00 0.00 
Target label of 20th atom: 0.25 
Output charges of 20th atom: 0.00 
Node Label of 21th atom: 1.00
State of 21th atom: 0.00 0.00 0.00 0.00 
Target label of 21th atom: 0.18 
Output charges of 21th atom: 0.00 
Node Label of 22th atom: 1.00
State of 22th atom: 0.00 0.00 0.00 0.00 
Target label of 22th atom: 0.10 
Output charges of 22th atom: 0.00 
Node Label of 23th atom: 1.00
State of 23th atom: 0.00 0.00 0.00 0.00 
Target label of 23th atom: -0.20 
Output charges of 23th atom: 0.00 
Node Label of 24th atom: 1.00
State of 24th atom: 0.00 0.00 0.00 0.00 
Target label of 24th atom: 0.29 
Output charges of 24th atom: 0.00 
0.00 24.33 19.03 20.25 18.94 22.46 15.77 18.80 18.77 20.54 20.21 22.36 10.99 2.79 2.59 2.39 2.15 2.50 3.22 2.89 4.24 2.38 3.84 2.37 3.07 
24.33 0.00 22.94 20.45 20.29 14.62 9.74 8.09 9.01 9.53 16.99 20.20 1.43 2.76 1.69 1.39 1.18 1.14 1.27 1.16 1.57 1.26 1.55 1.69 2.90 
19.03 22.94 0.00 24.09 33.62 20.93 12.05 8.75 10.69 11.04 38.84 54.68 1.23 2.29 1.66 1.61 1.19 1.20 1.33 1.21 1.75 1.35 1.59 2.15 3.09 
20.25 20.45 24.09 0.00 60.53 23.70 12.15 9.43 10.57 8.86 17.28 30.03 1.36 4.29 2.36 1.53 1.31 1.19 1.43 1.13 1.70 1.09 1.30 1.59 1.80 
18.94 20.29 33.62 60.53 0.00 26.85 13.63 9.57 11.17 9.46 20.97 44.99 1.27 3.67 2.30 1.68 1.36 1.24 1.44 1.18 1.72 1.18 1.35 1.86 2.00 
22.46 14.62 20.93 23.70 26.85 0.00 30.88 18.75 24.68 14.07 22.14 39.02 1.63 2.64 3.05 3.07 2.14 2.14 2.60 1.89 2.95 1.65 1.79 2.58 1.97 
15.77 9.74 12.05 12.15 13.63 30.88 0.00 17.13 22.79 10.75 12.82 18.65 1.13 1.73 2.44 5.91 2.69 2.42 2.29 1.75 2.01 1.53 1.33 2.61 1.38 
18.80 8.09 8.75 9.43 9.57 18.75 17.13 0.00 35.44 11.30 9.82 12.43 1.49 1.32 1.81 2.59 2.12 3.69 11.42 2.58 3.10 1.38 1.44 1.56 1.15 
18.77 9.01 10.69 10.57 11.17 24.68 22.79 35.44 0.00 15.27 12.74 15.86 1.43 1.39 1.77 3.36 1.95 3.43 4.21 2.89 3.78 1.73 1.74 2.08 1.38 
20.54 9.53 11.04 8.86 9.46 14.07 10.75 11.30 15.27 0.00 15.39 14.29 1.41 1.12 1.14 1.76 1.13 1.72 1.79 2.58 3.38 2.72 4.83 2.09 1.99 
20.21 16.99 38.84 17.28 20.97 22.14 12.82 9.82 12.74 15.39 0.00 45.81 1.33 1.79 1.52 1.76 1.20 1.35 1.49 1.44 2.20 1.64 2.09 2.48 3.59 
22.36 20.20 54.68 30.03 44.99 39.02 18.65 12.43 15.86 14.29 45.81 0.00 1.51 2.76 2.28 2.31 1.61 1.64 1.84 1.61 2.41 1.69 1.92 2.85 2.87 
10.99 1.43 1.23 1.36 1.27 1.63 1.13 1.49 1.43 1.41 1.33 1.51 0.00 0.18 0.18 0.17 0.15 0.18 0.26 0.21 0.35 0.16 0.25 0.16 0.18 
2.79 2.76 2.29 4.29 3.67 2.64 1.73 1.32 1.39 1.12 1.79 2.76 0.18 0.00 0.48 0.22 0.22 0.17 0.20 0.16 0.21 0.15 0.17 0.22 0.22 
2.59 1.69 1.66 2.36 2.30 3.05 2.44 1.81 1.77 1.14 1.52 2.28 0.18 0.48 0.00 0.30 0.37 0.23 0.27 0.18 0.23 0.16 0.16 0.23 0.18 
2.39 1.39 1.61 1.53 1.68 3.07 5.91 2.59 3.36 1.76 1.76 2.31 0.17 0.22 0.30 0.00 0.45 0.51 0.36 0.32 0.30 0.29 0.22 0.46 0.21 
2.15 1.18 1.19 1.31 1.36 2.14 2.69 2.12 1.95 1.13 1.20 1.61 0.15 0.22 0.37 0.45 0.00 0.36 0.31 0.22 0.22 0.18 0.15 0.24 0.15 
2.50 1.14 1.20 1.19 1.24 2.14 2.42 3.69 3.43 1.72 1.35 1.64 0.18 0.17 0.23 0.51 0.36 0.00 0.57 0.54 0.34 0.26 0.22 0.27 0.17 
3.22 1.27 1.33 1.43 1.44 2.60 2.29 11.42 4.21 1.79 1.49 1.84 0.26 0.20 0.27 0.36 0.31 0.57 0.00 0.44 0.51 0.22 0.24 0.23 0.18 
2.89 1.16 1.21 1.13 1.18 1.89 1.75 2.58 2.89 2.58 1.44 1.61 0.21 0.16 0.18 0.32 0.22 0.54 0.44 0.00 0.46 0.34 0.32 0.26 0.19 
4.24 1.57 1.75 1.70 1.72 2.95 2.01 3.10 3.78 3.38 2.20 2.41 0.35 0.21 0.23 0.30 0.22 0.34 0.51 0.46 0.00 0.27 0.42 0.27 0.25 
2.38 1.26 1.35 1.09 1.18 1.65 1.53 1.38 1.73 2.72 1.64 1.69 0.16 0.15 0.16 0.29 0.18 0.26 0.22 0.34 0.27 0.00 0.34 0.40 0.25 
3.84 1.55 1.59 1.30 1.35 1.79 1.33 1.44 1.74 4.83 2.09 1.92 0.25 0.17 0.16 0.22 0.15 0.22 0.24 0.32 0.42 0.34 0.00 0.26 0.33 
2.37 1.69 2.15 1.59 1.86 2.58 2.61 1.56 2.08 2.09 2.48 2.85 0.16 0.22 0.23 0.46 0.24 0.27 0.23 0.26 0.27 0.40 0.26 0.00 0.31 
3.07 2.90 3.09 1.80 2.00 1.97 1.38 1.15 1.38 1.99 3.59 2.87 0.18 0.22 0.18 0.21 0.15 0.17 0.18 0.19 0.25 0.25 0.33 0.31 0.00 
**************************************************************************************
Num of atoms: 12
Node Label of 0th atom: 17.00
State of 0th atom: 0.00 0.00 0.00 0.00 
Target label of 0th atom: 0.79 
Output charges of 0th atom: 0.00 
Node Label of 1th atom: 6.00
State of 1th atom: 0.00 0.00 0.00 0.00 
Target label of 1th atom: -0.22 
Output charges of 1th atom: 0.00 
Node Label of 2th atom: 7.00
State of 2th atom: 0.00 0.00 0.00 0.00 
Target label of 2th atom: -0.55 
Output charges of 2th atom: 0.00 
Node Label of 3th atom: 6.00
State of 3th atom: 0.00 0.00 0.00 0.00 
Target label of 3th atom: 0.07 
Output charges of 3th atom: 0.00 
Node Label of 4th atom: 17.00
State of 4th atom: 0.00 0.00 0.00 0.00 
Target label of 4th atom: 0.46 
Output charges of 4th atom: 0.00 
Node Label of 5th atom: 6.00
State of 5th atom: 0.00 0.00 0.00 0.00 
Target label of 5th atom: -0.81 
Output charges of 5th atom: 0.00 
Node Label of 6th atom: 16.00
State of 6th atom: 0.00 0.00 0.00 0.00 
Target label of 6th atom: 1.11 
Output charges of 6th atom: 0.00 
Node Label of 7th atom: 6.00
State of 7th atom: 0.00 0.00 0.00 0.00 
Target label of 7th atom: -0.82 
Output charges of 7th atom: 0.00 
Node Label of 8th atom: 16.00
State of 8th atom: 0.00 0.00 0.00 0.00 
Target label of 8th atom: 0.49 
Output charges of 8th atom: 0.00 
Node Label of 9th atom: 16.00
State of 9th atom: 0.00 0.00 0.00 0.00 
Target label of 9th atom: 0.18 
Output charges of 9th atom: 0.00 
Node Label of 10th atom: 6.00
State of 10th atom: 0.00 0.00 0.00 0.00 
Target label of 10th atom: -0.21 
Output charges of 10th atom: 0.00 
Node Label of 11th atom: 7.00
State of 11th atom: 0.00 0.00 0.00 0.00 
Target label of 11th atom: -0.48 
Output charges of 11th atom: 0.00 
0.00 72.20 77.29 32.50 66.57 22.00 51.57 15.37 34.48 50.14 27.86 31.92 
72.20 0.00 34.30 16.34 28.27 10.45 24.17 6.89 14.82 23.30 15.17 17.80 
77.29 34.30 0.00 24.83 42.41 12.90 27.93 7.26 15.99 22.14 13.14 15.11 
32.50 16.34 24.83 0.00 61.90 21.63 36.49 7.76 16.56 21.15 11.69 14.38 
66.57 28.27 42.41 61.90 0.00 54.40 100.07 19.36 43.58 48.03 24.87 28.69 
22.00 10.45 12.90 21.63 54.40 0.00 83.89 10.50 21.63 23.63 11.52 14.38 
51.57 24.17 27.93 36.49 100.07 83.89 0.00 36.01 71.78 71.41 33.26 40.15 
15.37 6.89 7.26 7.76 19.36 10.50 36.01 0.00 75.81 43.28 10.26 13.67 
34.48 14.82 15.99 16.56 43.58 21.63 71.78 75.81 0.00 80.05 20.70 26.14 
50.14 23.30 22.14 21.15 48.03 23.63 71.41 43.28 80.05 0.00 40.81 60.44 
27.86 15.17 13.14 11.69 24.87 11.52 33.26 10.26 20.70 40.81 0.00 48.34 
31.92 17.80 15.11 14.38 28.69 14.38 40.15 13.67 26.14 60.44 48.34 0.00 
**************************************************************************************
Num of atoms: 12
Node Label of 0th atom: 17.00
State of 0th atom: 0.00 0.00 0.00 0.00 
Target label of 0th atom: 0.02 
Output charges of 0th atom: 0.00 
Node Label of 1th atom: 6.00
State of 1th atom: 0.00 0.00 0.00 0.00 
Target label of 1th atom: 0.09 
Output charges of 1th atom: 0.00 
Node Label of 2th atom: 7.00
State of 2th atom: 0.00 0.00 0.00 0.00 
Target label of 2th atom: -0.30 
Output charges of 2th atom: 0.00 
Node Label of 3th atom: 6.00
State of 3th atom: 0.00 0.00 0.00 0.00 
Target label of 3th atom: -0.18 
Output charges of 3th atom: 0.00 
Node Label of 4th atom: 17.00
State of 4th atom: 0.00 0.00 0.00 0.00 
Target label of 4th atom: 0.28 
Output charges of 4th atom: 0.00 
Node Label of 5th atom: 6.00
State of 5th atom: 0.00 0.00 0.00 0.00 
Target label of 5th atom: -0.41 
Output charges of 5th atom: 0.00 
Node Label of 6th atom: 16.00
State of 6th atom: 0.00 0.00 0.00 0.00 
Target label of 6th atom: 1.22 
Output charges of 6th atom: 0.00 
Node Label of 7th atom: 6.00
State of 7th atom: 0.00 0.00 0.00 0.00 
Target label of 7th atom: -0.60 
Output charges of 7th atom: 0.00 
Node Label of 8th atom: 16.00
State of 8th atom: 0.00 0.00 0.00 0.00 
Target label of 8th atom: -0.02 
Output charges of 8th atom: 0.00 
Node Label of 9th atom: 16.00
State of 9th atom: 0.00 0.00 0.00 0.00 
Target label of 9th atom: 0.86 
Output charges of 9th atom: 0.00 
Node Label of 10th atom: 6.00
State of 10th atom: 0.00 0.00 0.00 0.00 
Target label of 10th atom: -0.79 
Output charges of 10th atom: 0.00 
Node Label of 11th atom: 7.00
State of 11th atom: 0.00 0.00 0.00 0.00 
Target label of 11th atom: -0.18 
Output charges of 11th atom: 0.00 
0.00 41.69 43.64 24.23 61.90 19.94 46.27 16.50 30.77 50.42 21.20 28.85 
41.69 0.00 36.17 15.05 28.98 12.13 27.44 9.31 14.97 30.16 15.13 24.08 
43.64 36.17 0.00 22.63 47.68 16.79 33.76 10.63 17.47 30.38 16.89 25.37 
24.23 15.05 22.63 0.00 57.62 29.90 37.61 9.13 16.99 23.78 15.84 17.94 
61.90 28.98 47.68 57.62 0.00 44.36 74.93 20.50 41.21 50.84 28.05 33.16 
19.94 12.13 16.79 29.90 44.36 0.00 66.11 11.80 21.32 27.36 21.29 20.03 
46.27 27.44 33.76 37.61 74.93 66.11 0.00 54.02 80.88 98.90 76.97 57.05 
16.50 9.31 10.63 9.13 20.50 11.80 54.02 0.00 32.74 64.75 19.88 19.55 
30.77 14.97 17.47 16.99 41.21 21.32 80.88 32.74 0.00 63.69 23.76 23.71 
50.42 30.16 30.38 23.78 50.84 27.36 98.90 64.75 63.69 0.00 52.38 61.15 
21.20 15.13 16.89 15.84 28.05 21.29 76.97 19.88 23.76 52.38 0.00 51.91 
28.85 24.08 25.37 17.94 33.16 20.03 57.05 19.55 23.71 61.15 51.91 0.00 
**************************************************************************************
Num of atoms: 12
Node Label of 0th atom: 17.00
State of 0th atom: 0.00 0.00 0.00 0.00 
Target label of 0th atom: 0.20 
Output charges of 0th atom: 0.00 
Node Label of 1th atom: 6.00
State of 1th atom: 0.00 0.00 0.00 0.00 
Target label of 1th atom: -0.07 
Output charges of 1th atom: 0.00 
Node Label of 2th atom: 7.00
State of 2th atom: 0.00 0.00 0.00 0.00 
Target label of 2th atom: -0.21 
Output charges of 2th atom: 0.00 
Node Label of 3th atom: 6.00
State of 3th atom: 0.00 0.00 0.00 0.00 
Target label of 3th atom: -0.44 
Output charges of 3th atom: 0.00 
Node Label of 4th atom: 17.00
State of 4th atom: 0.00 0.00 0.00 0.00 
Target label of 4th atom: 1.09 
Output charges of 4th atom: 0.00 
Node Label of 5th atom: 6.00
State of 5th atom: 0.00 0.00 0.00 0.00 
Target label of 5th atom: -0.47 
Output charges of 5th atom: 0.00 
Node Label of 6th atom: 16.00
State of 6th atom: 0.00 0.00 0.00 0.00 
Target label of 6th atom: 0.21 
Output charges of 6th atom: 0.00 
Node Label of 7th atom: 6.00
State of 7th atom: 0.00 0.00 0.00 0.00 
Target label of 7th atom: -0.98 
Output charges of 7th atom: 0.00 
Node Label of 8th atom: 16.00
State of 8th atom: 0.00 0.00 0.00 0.00 
Target label of 8th atom: 0.12 
Output charges of 8th atom: 0.00 
Node Label of 9th atom: 16.00
State of 9th atom: 0.00 0.00 0.00 0.00 
Target label of 9th atom: 0.90 
Output charges of 9th atom: 0.00 
Node Label of 10th atom: 6.00
State of 10th atom: 0.00 0.00 0.00 0.00 
Target label of 10th atom: -0.34 
Output charges of 10th atom: 0.00 
Node Label of 11th atom: 7.00
State of 11th atom: 0.00 0.00 0.00 0.00 
Target label of 11th atom: -0.02 
Output charges of 11th atom: 0.00 
0.00 60.62 34.17 19.93 50.06 18.68 37.47 14.80 31.60 40.12 19.03 26.78 
60.62 0.00 18.12 9.15 22.13 9.29 16.86 6.88 13.74 18.49 9.63 14.84 
34.17 18.12 0.00 18.78 36.59 14.83 23.11 9.02 16.91 21.39 10.56 14.74 
19.93 9.15 18.78 0.00 92.62 17.22 27.09 8.79 16.43 19.60 8.26 10.09 
50.06 22.13 36.59 92.62 0.00 44.43 87.27 25.16 49.06 56.81 22.06 25.83 
18.68 9.29 14.83 17.22 44.43 0.00 47.22 17.55 24.48 33.25 14.45 15.88 
37.47 16.86 23.11 27.09 87.27 47.22 0.00 60.46 103.44 105.05 29.17 28.39 
14.80 6.88 9.02 8.79 25.16 17.55 60.46 0.00 48.19 68.70 17.48 14.59 
31.60 13.74 16.91 16.43 49.06 24.48 103.44 48.19 0.00 132.35 27.35 24.98 
40.12 18.49 21.39 19.60 56.81 33.25 105.05 68.70 132.35 0.00 55.11 41.54 
19.03 9.63 10.56 8.26 22.06 14.45 29.17 17.48 27.35 55.11 0.00 42.32 
26.78 14.84 14.74 10.09 25.83 15.88 28.39 14.59 24.98 41.54 42.32 0.00 
**************************************************************************************
Num of atoms: 12
Node Label of 0th atom: 17.00
State of 0th atom: 0.00 0.00 0.00 0.00 
Target label of 0th atom: -0.56 
Output charges of 0th atom: 0.00 
Node Label of 1th atom: 6.00
State of 1th atom: 0.00 0.00 0.00 0.00 
Target label of 1th atom: -0.04 
Output charges of 1th atom: 0.00 
Node Label of 2th atom: 7.00
State of 2th atom: 0.00 0.00 0.00 0.00 
Target label of 2th atom: -0.09 
Output charges of 2th atom: 0.00 
Node Label of 3th atom: 6.00
State of 3th atom: 0.00 0.00 0.00 0.00 
Target label of 3th atom: -1.05 
Output charges of 3th atom: 0.00 
Node Label of 4th atom: 17.00
State of 4th atom: 0.00 0.00 0.00 0.00 
Target label of 4th atom: 1.81 
Output charges of 4th atom: 0.00 
Node Label of 5th atom: 6.00
State of 5th atom: 0.00 0.00 0.00 0.00 
Target label of 5th atom: -0.18 
Output charges of 5th atom: 0.00 
Node Label of 6th atom: 16.00
State of 6th atom: 0.00 0.00 0.00 0.00 
Target label of 6th atom: -0.02 
Output charges of 6th atom: 0.00 
Node Label of 7th atom: 6.00
State of 7th atom: 0.00 0.00 0.00 0.00 
Target label of 7th atom: -0.13 
Output charges of 7th atom: 0.00 
Node Label of 8th atom: 16.00
State of 8th atom: 0.00 0.00 0.00 0.00 
Target label of 8th atom: 0.19 
Output charges of 8th atom: 0.00 
Node Label of 9th atom: 16.00
State of 9th atom: 0.00 0.00 0.00 0.00 
Target label of 9th atom: 0.12 
Output charges of 9th atom: 0.00 
Node Label of 10th atom: 6.00
State of 10th atom: 0.00 0.00 0.00 0.00 
Target label of 10th atom: -0.11 
Output charges of 10th atom: 0.00 
Node Label of 11th atom: 7.00
State of 11th atom: 0.00 0.00 0.00 0.00 
Target label of 11th atom: 0.06 
Output charges of 11th atom: 0.00 
0.00 32.76 42.18 19.98 51.89 19.24 36.57 14.10 30.30 51.35 30.04 40.77 
32.76 0.00 33.71 12.14 31.61 15.48 20.40 7.48 14.10 24.90 19.13 21.64 
42.18 33.71 0.00 17.51 42.06 13.55 21.31 7.39 14.95 25.22 17.49 17.76 
19.98 12.14 17.51 0.00 185.50 12.21 22.91 6.61 13.98 19.91 10.15 9.37 
51.89 31.61 42.06 185.50 0.00 36.48 71.46 19.61 41.36 56.26 27.22 25.24 
19.24 15.48 13.55 12.21 36.48 0.00 38.71 12.37 19.57 30.12 14.37 13.47 
36.57 20.40 21.31 22.91 71.46 38.71 0.00 47.05 84.14 72.64 22.91 22.08 
14.10 7.48 7.39 6.61 19.61 12.37 47.05 0.00 42.08 35.62 9.16 9.45 
30.30 14.10 14.95 13.98 41.36 19.57 84.14 42.08 0.00 67.40 17.11 17.74 
51.35 24.90 25.22 19.91 56.26 30.12 72.64 35.62 67.40 0.00 44.92 39.12 
30.04 19.13 17.49 10.15 27.22 14.37 22.91 9.16 17.11 44.92 0.00 32.30 
40.77 21.64 17.76 9.37 25.24 13.47 22.08 9.45 17.74 39.12 32.30 0.00 
**************************************************************************************
Num of atoms: 15
Node Label of 0th atom: 17.00
State of 0th atom: 0.00 0.00 0.00 0.00 
Target label of 0th atom: -0.41 
Output charges of 0th atom: 0.00 
Node Label of 1th atom: 6.00
State of 1th atom: 0.00 0.00 0.00 0.00 
Target label of 1th atom: 0.16 
Output charges of 1th atom: 0.00 
Node Label of 2th atom: 6.00
State of 2th atom: 0.00 0.00 0.00 0.00 
Target label of 2th atom: -0.18 
Output charges of 2th atom: 0.00 
Node Label of 3th atom: 35.00
State of 3th atom: 0.00 0.00 0.00 0.00 
Target label of 3th atom: 0.54 
Output charges of 3th atom: 0.00 
Node Label of 4th atom: 6.00
State of 4th atom: 0.00 0.00 0.00 0.00 
Target label of 4th atom: -0.02 
Output charges of 4th atom: 0.00 
Node Label of 5th atom: 8.00
State of 5th atom: 0.00 0.00 0.00 0.00 
Target label of 5th atom: -0.21 
Output charges of 5th atom: 0.00 
Node Label of 6th atom: 7.00
State of 6th atom: 0.00 0.00 0.00 0.00 
Target label of 6th atom: -0.25 
Output charges of 6th atom: 0.00 
Node Label of 7th atom: 6.00
State of 7th atom: 0.00 0.00 0.00 0.00 
Target label of 7th atom: 0.04 
Output charges of 7th atom: 0.00 
Node Label of 8th atom: 7.00
State of 8th atom: 0.00 0.00 0.00 0.00 
Target label of 8th atom: 0.13 
Output charges of 8th atom: 0.00 
Node Label of 9th atom: 6.00
State of 9th atom: 0.00 0.00 0.00 0.00 
Target label of 9th atom: 0.11 
Output charges of 9th atom: 0.00 
Node Label of 10th atom: 6.00
State of 10th atom: 0.00 0.00 0.00 0.00 
Target label of 10th atom: 0.17 
Output charges of 10th atom: 0.00 
Node Label of 11th atom: 7.00
State of 11th atom: 0.00 0.00 0.00 0.00 
Target label of 11th atom: -0.36 
Output charges of 11th atom: 0.00 
Node Label of 12th atom: 1.00
State of 12th atom: 0.00 0.00 0.00 0.00 
Target label of 12th atom: 0.31 
Output charges of 12th atom: 0.00 
Node Label of 13th atom: 1.00
State of 13th atom: 0.00 0.00 0.00 0.00 
Target label of 13th atom: -0.03 
Output charges of 13th atom: 0.00 
Node Label of 14th atom: 1.00
State of 14th atom: 0.00 0.00 0.00 0.00 
Target label of 14th atom: 0.01 
Output charges of 14th atom: 0.00 
0.00 43.24 27.28 165.55 22.27 28.76 23.70 24.33 23.39 21.93 32.69 37.02 2.80 3.42 6.21 
43.24 0.00 17.67 74.14 15.03 16.18 14.41 18.92 12.70 10.73 13.54 31.54 1.57 1.56 2.23 
27.28 17.67 0.00 142.87 27.27 41.81 17.30 17.06 9.80 7.41 7.79 14.15 1.86 1.12 1.30 
165.55 74.14 142.87 0.00 75.92 131.98 64.73 59.63 43.83 35.00 38.79 60.44 7.54 5.40 6.66 
22.27 15.03 27.27 75.92 0.00 38.20 28.59 27.77 12.00 8.32 7.86 15.42 3.05 1.24 1.27 
28.76 16.18 41.81 131.98 38.20 0.00 27.77 20.70 12.70 9.18 8.98 15.47 2.96 1.40 1.50 
23.70 14.41 17.30 64.73 28.59 27.77 0.00 33.70 18.80 11.42 9.51 17.82 5.61 1.69 1.56 
24.33 18.92 17.06 59.63 27.77 20.70 33.70 0.00 18.61 11.88 10.39 25.66 3.09 1.69 1.64 
23.39 12.70 9.80 43.83 12.00 12.70 18.80 18.61 0.00 31.98 14.54 22.87 2.40 4.18 2.19 
21.93 10.73 7.41 35.00 8.32 9.18 11.42 11.88 31.98 0.00 19.16 20.03 1.45 11.21 2.63 
32.69 13.54 7.79 38.79 7.86 8.98 9.51 10.39 14.54 19.16 0.00 22.23 1.16 2.90 7.62 
37.02 31.54 14.15 60.44 15.42 15.47 17.82 25.66 22.87 20.03 22.23 0.00 2.03 2.69 3.18 
2.80 1.57 1.86 7.54 3.05 2.96 5.61 3.09 2.40 1.45 1.16 2.03 0.00 0.22 0.19 
3.42 1.56 1.12 5.40 1.24 1.40 1.69 1.69 4.18 11.21 2.90 2.69 0.22 0.00 0.41 
6.21 2.23 1.30 6.66 1.27 1.50 1.56 1.64 2.19 2.63 7.62 3.18 0.19 0.41 0.00 
**************************************************************************************
Num of atoms: 15
Node Label of 0th atom: 17.00
State of 0th atom: 0.00 0.00 0.00 0.00 
Target label of 0th atom: 1.04 
Output charges of 0th atom: 0.00 
Node Label of 1th atom: 6.00
State of 1th atom: 0.00 0.00 0.00 0.00 
Target label of 1th atom: -0.50 
Output charges of 1th atom: 0.00 
Node Label of 2th atom: 6.00
State of 2th atom: 0.00 0.00 0.00 0.00 
Target label of 2th atom: -0.31 
Output charges of 2th atom: 0.00 
Node Label of 3th atom: 35.00
State of 3th atom: 0.00 0.00 0.00 0.00 
Target label of 3th atom: 0.27 
Output charges of 3th atom: 0.00 
Node Label of 4th atom: 6.00
State of 4th atom: 0.00 0.00 0.00 0.00 
Target label of 4th atom: 0.32 
Output charges of 4th atom: 0.00 
Node Label of 5th atom: 8.00
State of 5th atom: 0.00 0.00 0.00 0.00 
Target label of 5th atom: -0.21 
Output charges of 5th atom: 0.00 
Node Label of 6th atom: 7.00
State of 6th atom: 0.00 0.00 0.00 0.00 
Target label of 6th atom: -0.07 
Output charges of 6th atom: 0.00 
Node Label of 7th atom: 6.00
State of 7th atom: 0.00 0.00 0.00 0.00 
Target label of 7th atom: -0.17 
Output charges of 7th atom: 0.00 
Node Label of 8th atom: 7.00
State of 8th atom: 0.00 0.00 0.00 0.00 
Target label of 8th atom: -0.08 
Output charges of 8th atom: 0.00 
Node Label of 9th atom: 6.00
State of 9th atom: 0.00 0.00 0.00 0.00 
Target label of 9th atom: -0.07 
Output charges of 9th atom: 0.00 
Node Label of 10th atom: 6.00
State of 10th atom: 0.00 0.00 0.00 0.00 
Target label of 10th atom: -0.05 
Output charges of 10th atom: 0.00 
Node Label of 11th atom: 7.00
State of 11th atom: 0.00 0.00 0.00 0.00 
Target label of 11th atom: -0.28 
Output charges of 11th atom: 0.00 
Node Label of 12th atom: 1.00
State of 12th atom: 0.00 0.00 0.00 0.00 
Target label of 12th atom: 0.11 
Output charges of 12th atom: 0.00 
Node Label of 13th atom: 1.00
State of 13th atom: 0.00 0.00 0.00 0.00 
Target label of 13th atom: 0.03 
Output charges of 13th atom: 0.00 
Node Label of 14th atom: 1.00
State of 14th atom: 0.00 0.00 0.00 0.00 
Target label of 14th atom: -0.01 
Output charges of 14th atom: 0.00 
0.00 93.45 48.41 181.48 24.26 29.46 27.34 25.49 23.24 22.15 29.93 46.31 3.42 3.21 4.62 
93.45 0.00 23.45 67.26 10.89 12.32 12.78 12.18 9.98 9.39 12.86 26.04 1.54 1.33 1.84 
48.41 23.45 0.00 118.54 16.12 19.11 13.92 12.69 8.71 7.45 9.21 16.84 1.69 1.09 1.29 
181.48 67.26 118.54 0.00 72.19 112.96 56.26 48.69 37.67 31.94 37.00 60.13 7.38 4.85 5.55 
24.26 10.89 16.12 72.19 0.00 43.11 23.22 17.72 9.49 7.24 7.87 13.06 3.04 1.09 1.08 
29.46 12.32 19.11 112.96 43.11 0.00 19.44 15.66 10.22 7.96 8.73 13.56 2.69 1.22 1.23 
27.34 12.78 13.92 56.26 23.22 19.44 0.00 76.65 18.41 12.38 12.60 18.87 11.12 1.82 1.58 
25.49 12.18 12.69 48.69 17.72 15.66 76.65 0.00 17.38 11.65 12.60 17.60 5.46 1.66 1.47 
23.24 9.98 8.71 37.67 9.49 10.22 18.41 17.38 0.00 30.71 19.39 15.23 2.46 4.38 2.16 
22.15 9.39 7.45 31.94 7.24 7.96 12.38 11.65 30.71 0.00 22.92 15.12 1.60 8.02 3.07 
29.93 12.86 9.21 37.00 7.87 8.73 12.60 12.60 19.39 22.92 0.00 17.26 1.56 2.62 3.05 
46.31 26.04 16.84 60.13 13.06 13.56 18.87 17.60 15.23 15.12 17.26 0.00 2.21 2.10 2.82 
3.42 1.54 1.69 7.38 3.04 2.69 11.12 5.46 2.46 1.60 1.56 2.21 0.00 0.24 0.20 
3.21 1.33 1.09 4.85 1.09 1.22 1.82 1.66 4.38 8.02 2.62 2.10 0.24 0.00 0.43 
4.62 1.84 1.29 5.55 1.08 1.23 1.58 1.47 2.16 3.07 3.05 2.82 0.20 0.43 0.00 
**************************************************************************************
Num of atoms: 15
Node Label of 0th atom: 17.00
State of 0th atom: 0.00 0.00 0.00 0.00 
Target label of 0th atom: 0.25 
Output charges of 0th atom: 0.00 
Node Label of 1th atom: 6.00
State of 1th atom: 0.00 0.00 0.00 0.00 
Target label of 1th atom: -0.25 
Output charges of 1th atom: 0.00 
Node Label of 2th atom: 6.00
State of 2th atom: 0.00 0.00 0.00 0.00 
Target label of 2th atom: -0.25 
Output charges of 2th atom: 0.00 
Node Label of 3th atom: 35.00
State of 3th atom: 0.00 0.00 0.00 0.00 
Target label of 3th atom: -0.13 
Output charges of 3th atom: 0.00 
Node Label of 4th atom: 6.00
State of 4th atom: 0.00 0.00 0.00 0.00 
Target label of 4th atom: 0.13 
Output charges of 4th atom: 0.00 
Node Label of 5th atom: 8.00
State of 5th atom: 0.00 0.00 0.00 0.00 
Target label of 5th atom: -0.33 
Output charges of 5th atom: 0.00 
Node Label of 6th atom: 7.00
State of 6th atom: 0.00 0.00 0.00 0.00 
Target label of 6th atom: -0.44 
Output charges of 6th atom: 0.00 
Node Label of 7th atom: 6.00
State of 7th atom: 0.00 0.00 0.00 0.00 
Target label of 7th atom: 0.05 
Output charges of 7th atom: 0.00 
Node Label of 8th atom: 7.00
State of 8th atom: 0.00 0.00 0.00 0.00 
Target label of 8th atom: -0.13 
Output charges of 8th atom: 0.00 
Node Label of 9th atom: 6.00
State of 9th atom: 0.00 0.00 0.00 0.00 
Target label of 9th atom: -0.23 
Output charges of 9th atom: 0.00 
Node Label of 10th atom: 6.00
State of 10th atom: 0.00 0.00 0.00 0.00 
Target label of 10th atom: -0.11 
Output charges of 10th atom: 0.00 
Node Label of 11th atom: 7.00
State of 11th atom: 0.00 0.00 0.00 0.00 
Target label of 11th atom: 0.79 
Output charges of 11th atom: 0.00 
Node Label of 12th atom: 1.00
State of 12th atom: 0.00 0.00 0.00 0.00 
Target label of 12th atom: 0.31 
Output charges of 12th atom: 0.00 
Node Label of 13th atom: 1.00
State of 13th atom: 0.00 0.00 0.00 0.00 
Target label of 13th atom: 0.20 
Output charges of 13th atom: 0.00 
Node Label of 14th atom: 1.00
State of 14th atom: 0.00 0.00 0.00 0.00 
Target label of 14th atom: 0.13 
Output charges of 14th atom: 0.00 
0.00 57.09 39.84 153.59 25.55 24.58 23.20 30.40 21.10 22.37 29.10 33.70 2.91 2.97 8.19 
57.09 0.00 30.61 68.33 15.28 11.80 11.83 18.39 9.70 10.04 11.06 19.62 1.38 1.15 2.55 
